,easting,northing,timestamp,node_id
0,727714.3461803388,4632288.553213984,2013-04-16 11:05:17,-1
1,727714.3461803388,4632288.553213984,2013-04-16 11:06:21,-1
2,727730.9223290039,4632297.74862613,0,100
3,727802.9782408979,4632351.179509733,0,106
4,727904.1882549673,4632405.653728927,0,109
5,728244.8452237027,4632494.035562092,2013-04-16 11:07:25,-1
6,728244.8452237027,4632494.035562092,2013-04-16 11:08:30,-1
7,728330.465525033,4632480.753269473,0,114
8,728380.6059180144,4632487.69534809,0,116
9,728457.8832124146,4632511.287469884,0,118
10,728521.0369477859,4632419.27447721,0,110
11,728571.0285221325,4632347.891070464,2013-04-16 11:09:34,-1
12,728604.7917315736,4632296.270615568,0,99
13,728615.4323211499,4632279.959894167,0,97
14,728680.2630826859,4632178.727404296,0,86
15,728704.1888070414,4632140.5905886125,0,84
16,728790.5880432073,4632008.531362718,0,63
17,728825.3748999406,4631955.043469166,0,56
18,728873.1673577782,4631881.574673016,0,49
19,728779.4642549409,4631842.331518364,2013-04-16 11:10:39,-1
20,728762.6295774309,4631843.016164694,0,50
21,728633.5385800088,4631908.460396009,0,52
22,728579.9923637044,4631860.566779733,0,45
23,728558.1130136718,4631841.070599937,2013-04-16 11:11:25,-1
24,728544.1972221239,4631828.679746408,0,42
25,728481.1384234717,4631771.503874317,0,39
26,728418.447135644,4631714.499849314,0,33
27,728414.5658626398,4631711.040997909,0,32
28,728318.3565299828,4631624.819116835,0,25
29,728284.9363738121,4631663.342794701,0,26
30,728258.1015143879,4631694.223395742,2013-04-16 11:12:31,-1
31,728249.9793428499,4631703.570101639,0,29
32,728224.6153150843,4631732.758495703,0,36
33,728171.3061258662,4631794.180820486,0,40
34,728138.6242411287,4631831.469302607,2013-04-16 11:13:28,-1
35,728095.4574558064,4631880.862325015,0,48
36,728081.5337174479,4631896.7946159765,0,51
37,728072.7985855261,4631906.79690136,2013-04-16 11:14:31,-1
38,728070.4692057241,4631909.46419039,0,53
39,728067.4618237438,4631912.907846492,0,54
40,728040.728517388,4631943.606029237,0,55
41,728005.7003876325,4631983.94122803,0,61
42,727935.2773578018,4632065.074309647,0,65
43,727875.7476085991,4632127.184140488,2013-04-16 11:15:35,-1
44,727849.4129105425,4632132.246565968,0,80
45,727815.8044348685,4632124.043413933,0,74
46,727767.0900048222,4632120.836734956,0,73
47,727677.4214841528,4632217.900641248,0,89
48,727661.4619096294,4632267.187655034,0,95
49,727518.1855974123,4632235.718039051,2013-04-16 11:16:39,-1
50,727518.1855974123,4632235.718039051,0,93
51,727317.9367674757,4632126.187100992,0,76
52,727189.6187861804,4632034.731895082,0,64
53,727122.103536064,4631990.569344767,2013-04-16 11:17:44,-1
54,726942.5518265516,4631822.7938673105,0,41
55,726846.6154333781,4631724.930683792,0,35
56,726826.2756694909,4631705.499430152,0,30
57,726685.8531262036,4631599.444357999,2013-04-16 11:18:40,-1
58,726826.2756694909,4631705.499430152,0,30
59,726846.6154333781,4631724.930683792,0,35
60,726942.5518265516,4631822.7938673105,0,41
61,727110.5309189502,4631982.179067975,2013-04-16 11:19:45,-1
62,727189.6187861804,4632034.731895082,0,64
63,726476.7471558265,4632538.38077754,0,120
64,726475.6063899212,4632539.998494856,0,121
65,726446.4651989108,4632588.313339565,0,122
66,726289.599219651,4632785.639860209,0,134
67,726287.580718046,4632786.788826514,0,135
68,726169.188016112,4632872.843706684,0,140
69,726151.4030313544,4632880.334634114,2013-04-16 11:23:54,-1
70,726012.4819739006,4632927.884236257,2013-04-16 11:24:58,-1
71,726012.4819739006,4632927.884236257,2013-04-16 11:26:02,-1
72,725961.3840906247,4632945.218032422,0,144
73,725916.0414234586,4632960.632804431,0,145
74,725865.1344299264,4632977.374171303,2013-04-16 11:27:07,-1
75,725700.7304960741,4633035.400425816,0,148
76,725721.7056098226,4633105.6445050165,0,154
77,725894.3304737279,4633431.664936002,2013-04-16 11:28:10,-1
78,725976.7996902689,4633512.421114316,0,163
79,725977.0630058944,4633514.992326621,0,164
80,726008.4390609311,4633676.260054164,0,165
81,725833.728543783,4633615.446742099,2013-04-16 11:29:15,-1
82,725491.5438263956,4633439.928695295,0,162
83,725396.8752380656,4633407.369826293,0,161
84,725216.4680115134,4633309.526479639,0,160
85,724984.4454243893,4633064.359137969,2013-04-16 11:30:19,-1
86,724945.2539824713,4633006.308413826,0,147
87,724663.5897541773,4632590.623597024,0,124
88,724592.4215080189,4632483.4245547,0,115
89,724483.1348884702,4632318.42686764,0,103
90,724482.5949015496,4632317.611624362,0,102
91,724325.9055233315,4632082.540463527,2013-04-16 11:31:39,-1
92,724323.8752065124,4632078.939208444,0,67
93,724321.6679559294,4632075.024204837,0,66
94,724446.5659567498,4631982.6640733825,2013-04-16 11:32:30,-1
95,724539.7263689227,4631876.258334426,0,46
96,724703.1473007684,4631717.276559491,2013-04-16 11:33:31,-1
97,724724.3757691057,4631719.684537819,0,47
98,724952.4880403688,4631755.332189317,2013-04-16 11:34:27,-1
99,724664.5844555207,4631964.817457821,2013-04-16 11:35:31,-1
100,724658.7622777103,4631959.699596804,0,59
101,724657.6473082518,4631958.718537036,0,58
102,724650.5087041771,4631952.437302049,0,57
103,724622.0067541562,4632139.270799711,0,82
104,724698.234536916,4632116.116649989,0,69
105,724761.2525663394,4632116.869504927,0,70
106,724909.0468774064,4632163.875318298,2013-04-16 11:36:36,-1
107,725026.6095814509,4632188.034203261,0,87
108,725030.5220191218,4632188.79537878,0,88
109,725164.7990262257,4632222.849553473,0,91
110,725166.645604616,4632227.576128727,0,92
111,725196.0250819996,4632239.951938545,0,94
112,725253.8494884868,4632326.677101262,2013-04-16 11:37:41,-1
113,725465.8074068483,4632670.73294262,0,125
114,725595.1891667517,4632860.111522691,0,139
115,725646.9763720179,4632910.809050143,2013-04-16 11:38:53,-1
116,725700.7304960741,4633035.400425816,0,148
117,725898.1486649761,4632966.513019029,2013-04-16 11:39:57,-1
118,725898.1486649761,4632966.513019029,2013-04-16 11:41:01,-1
119,725916.0414234586,4632960.632804431,0,145
120,725961.3840906247,4632945.218032422,0,144
121,726169.188016112,4632872.843706684,0,140
122,726287.580718046,4632786.788826514,0,135
123,726289.599219651,4632785.639860209,0,134
124,726399.7643283725,4632659.219640519,2013-04-16 11:41:58,-1
125,726399.7643283725,4632659.219640519,2013-04-16 11:43:02,-1
126,726446.4651989108,4632588.313339565,0,122
127,726475.6063899212,4632539.998494856,0,121
128,726476.7471558265,4632538.38077754,0,120
129,726865.1523810949,4632182.809920546,2013-04-16 11:44:05,-1
130,727183.1035752733,4632040.324292132,2013-04-16 11:45:08,-1
131,727189.6187861804,4632034.731895082,0,64
132,726942.5518265516,4631822.7938673105,0,41
133,726846.6154333781,4631724.930683792,0,35
134,726826.2756694909,4631705.499430152,0,30
135,726708.4316595584,4631616.481299545,2013-04-16 11:46:14,-1
136,726724.331164237,4631627.324322779,2013-04-16 11:47:18,-1
137,726826.2756694909,4631705.499430152,0,30
138,726846.6154333781,4631724.930683792,0,35
139,726942.5518265516,4631822.7938673105,0,41
140,727189.6187861804,4632034.731895082,0,64
141,727210.5951423733,4632049.8152687615,2013-04-16 11:48:22,-1
142,727317.9367674757,4632126.187100992,0,76
143,727518.1855974123,4632235.718039051,0,93
144,727661.4619096294,4632267.187655034,0,95
145,727704.5252371915,4632283.234221172,0,98
146,727714.3461803388,4632288.553213984,2013-04-16 11:49:22,-1
